id,sex,age,work_min_week,travel_min_week,ltpa_min_week,work_ltpa_min_week,work_ltpa_travel_min_week,ltpa_marg_met,work_marg_met,travel_marg_met,work_ltpa_marg_met,work_ltpa_travel_marg_met
2410113101,woman,62,120,0,0,120,120,0,360,0,360,360
2410113901,woman,43,1020,0,0,1020,1020,0,4860,0,4860,4860
2410114001,woman,57,1200,100,0,1200,1200,0,4500,300,4500,4800
2410118201,man,46,720,300,970,1690,2660,6510,4320,900,10830,11730
2410118301,man,67,0,140,120,120,240,360,0,420,360,780
2410118701,man,51,2520,840,180,2700,2880,540,15120,2520,15660,18180
2410119101,man,70,180,210,0,180,180,0,540,630,540,1170
2410119201,man,58,2520,240,80,2600,2680,240,15120,720,15360,16080
2410119301,man,60,225,0,30,255,285,90,675,0,765,765
2410119501,man,59,0,120,120,120,240,360,0,360,360,720
2410119502,woman,57,1080,0,60,1140,1200,180,6480,0,6660,6660
2410119601,woman,33,1440,840,0,1440,1440,0,4320,2520,4320,6840
2410120001,woman,44,30,60,20,50,70,60,90,180,150,330
2410122102,woman,46,0,840,320,320,640,960,0,2520,960,3480
2410122201,woman,76,0,0,0,0,0,0,0,0,0,0
2410122202,man,78,0,0,0,0,0,0,0,0,0,0
2410122601,woman,54,0,840,0,0,0,0,0,2520,0,2520
2410123001,man,53,180,360,0,180,180,0,1080,1080,1080,2160
2410123501,man,71,0,120,0,0,0,0,0,360,0,360
2410124401,woman,69,0,0,0,0,0,0,0,0,0,0
2410124601,man,65,1650,6720,720,2370,3090,2160,4950,20160,7110,27270
2410124701,man,59,0,0,0,0,0,0,0,0,0,0
2410125801,man,73,480,60,0,480,480,0,1440,180,1440,1620
2410128201,man,70,0,840,0,0,0,0,0,2520,0,2520
2410128601,man,54,900,120,480,1380,1860,1920,2700,360,4620,4980
2410128704,man,23,0,140,0,0,0,0,0,420,0,420
2410129101,man,48,2400,240,360,2760,3120,1080,7200,720,8280,9000
2410129501,man,54,120,240,240,360,600,720,360,720,1080,1800
2410129701,woman,65,720,270,0,720,720,0,2160,810,2160,2970
2410129801,man,57,0,840,0,0,0,0,0,2520,0,2520
2410131201,man,62,1440,600,1380,2820,4200,7500,4320,1800,11820,13620
2410132101,man,71,0,540,240,240,480,1200,0,1620,1200,2820
2410132901,woman,64,0,0,0,0,0,0,0,0,0,0
2410140101,man,65,0,150,0,0,0,0,0,450,0,450
2410140401,woman,74,0,60,0,0,0,0,0,180,0,180
2410140501,woman,80,0,40,0,0,0,0,0,120,0,120
2410140701,woman,68,0,90,0,0,0,0,0,270,0,270
2410141201,woman,55,0,30,60,60,120,420,0,90,420,510
2410141401,man,32,4320,105,300,4620,4920,1380,21600,315,22980,23295
2410143001,man,73,0,0,0,0,0,0,0,0,0,0
2410143103,man,19,0,0,0,0,0,0,0,0,0,0
2410143701,man,53,0,0,0,0,0,0,0,0,0,0
2410144501,woman,56,0,0,0,0,0,0,0,0,0,0
2410144701,woman,40,0,0,0,0,0,0,0,0,0,0
2410144801,man,69,0,0,0,0,0,0,0,0,0,0
2410145801,man,35,2580,0,120,2700,2820,600,15300,0,15900,15900
2410146301,man,26,1140,1680,540,1680,2220,3780,6120,5040,9900,14940
2410146701,man,67,540,210,0,540,540,0,2160,630,2160,2790
2410148001,man,48,80,60,390,470,860,2130,240,180,2370,2550
2410148201,man,57,180,0,30,210,240,210,540,0,750,750
2410150201,man,68,0,630,0,0,0,0,0,1890,0,1890
2410150401,woman,70,0,0,0,0,0,0,0,0,0,0
2410150701,woman,60,600,0,0,600,600,0,1800,0,1800,1800
2410151501,woman,42,2220,0,0,2220,2220,0,11700,0,11700,11700
2410158901,man,54,2640,180,0,2640,2640,0,9360,540,9360,9900
2410159802,woman,40,420,140,0,420,420,0,1260,420,1260,1680
2410160001,woman,53,0,160,180,180,360,540,0,480,540,1020
2410164801,man,60,0,0,0,0,0,0,0,0,0,0
2410164802,man,53,0,0,0,0,0,0,0,0,0,0
2410165101,woman,70,0,20,0,0,0,0,0,60,0,60
2410165501,man,54,0,150,0,0,0,0,0,450,0,450
2410170502,woman,38,0,180,0,0,0,0,0,540,0,540
2410170801,man,59,0,480,210,210,420,630,0,1440,630,2070
2410171401,man,53,210,420,420,630,1050,1260,630,1260,1890,3150
2410176801,man,32,5760,360,0,5760,5760,0,25920,1080,25920,27000
2410177201,woman,75,0,0,0,0,0,0,0,0,0,0
2410177502,woman,47,0,420,10,10,20,30,0,1260,30,1290
2410180101,man,62,2460,300,0,2460,2460,0,10980,900,10980,11880
2410180102,woman,58,420,60,0,420,420,0,1260,180,1260,1440
2410181201,man,60,0,840,0,0,0,0,0,2520,0,2520
2410181202,woman,54,2100,840,0,2100,2100,0,6300,2520,6300,8820
2410184101,man,79,2400,600,0,2400,2400,0,10800,1800,10800,12600
2410184102,woman,54,0,100,0,0,0,0,0,300,0,300
2410186501,man,54,0,0,0,0,0,0,0,0,0,0
2410186701,man,60,60,0,210,270,480,630,180,0,810,810
2410186702,woman,52,0,0,45,45,90,315,0,0,315,315
2410186707,woman,75,30,60,0,30,30,0,90,180,90,270
2410187301,man,56,0,20,0,0,0,0,0,60,0,60
2410187401,woman,66,0,30,0,0,0,0,0,90,0,90
2410187601,woman,77,0,0,0,0,0,0,0,0,0,0
2410187701,man,64,0,0,0,0,0,0,0,0,0,0
2410188001,woman,40,300,210,0,300,300,0,900,630,900,1530
2410188201,man,57,0,300,0,0,0,0,0,900,0,900
2410188202,woman,51,0,420,0,0,0,0,0,1260,0,1260
2410188301,man,56,0,0,0,0,0,0,0,0,0,0
2410188402,woman,38,0,900,0,0,0,0,0,2700,0,2700
2410188601,man,71,0,0,0,0,0,0,0,0,0,0
2410188801,man,38,2880,0,160,3040,3200,760,17280,0,18040,18040
2410189101,woman,69,0,0,0,0,0,0,0,0,0,0
2410189401,man,46,0,300,0,0,0,0,0,900,0,900
2410189501,man,34,360,360,720,1080,1800,3600,1080,1080,4680,5760
2410189701,woman,49,1800,0,0,1800,1800,0,8100,0,8100,8100
2410189801,woman,85,70,0,30,100,130,90,210,0,300,300
2410189901,man,56,180,0,0,180,180,0,540,0,540,540
2410199301,woman,50,420,210,0,420,420,0,1260,630,1260,1890
2410199306,man,50,420,210,0,420,420,0,1260,630,1260,1890
2410202101,man,48,4320,180,0,4320,4320,0,17280,540,17280,17820
2410203001,man,72,0,0,0,0,0,0,0,0,0,0
2410203801,man,29,3960,105,300,4260,4560,2100,11880,315,13980,14295
2410204001,man,72,1260,150,0,1260,1260,0,3780,450,3780,4230
2410204002,woman,59,0,0,0,0,0,0,0,0,0,0
2411001501,woman,77,1680,900,1200,2880,4080,3600,7920,2700,11520,14220
2411005401,man,56,0,0,0,0,0,0,0,0,0,0
2411005501,man,77,0,840,0,0,0,0,0,2520,0,2520
2412222701,man,34,1620,0,360,1980,2340,2040,9180,0,11220,11220
2412222802,woman,35,180,0,0,180,180,0,540,0,540,540
2416604801,woman,35,0,20,0,0,0,0,0,60,0,60
2418073101,man,54,0,420,0,0,0,0,0,1260,0,1260
2418073201,woman,56,420,420,0,420,420,0,1260,1260,1260,2520
2418073301,man,53,0,105,0,0,0,0,0,315,0,315
2418073701,man,58,0,280,0,0,0,0,0,840,0,840
2418073801,man,57,5040,480,1980,7020,9000,10980,15120,1440,26100,27540
2418074001,man,59,60,420,0,60,60,0,180,1260,180,1440
2418077201,woman,52,600,240,0,600,600,0,1800,720,1800,2520
2418077401,woman,50,120,210,60,180,240,180,720,630,900,1530
2418077501,man,42,0,0,0,0,0,0,0,0,0,0
2418077601,man,50,180,0,0,180,180,0,1080,0,1080,1080
2418077802,man,21,0,0,0,0,0,0,0,0,0,0
2418077901,man,61,0,0,0,0,0,0,0,0,0,0
2418078001,man,58,3240,0,0,3240,3240,0,19440,0,19440,19440
2418078102,man,55,0,0,0,0,0,0,0,0,0,0
2418078201,man,67,960,210,0,960,960,0,2880,630,2880,3510
2418078301,man,52,5040,420,0,5040,5040,0,22680,1260,22680,23940
2418079001,woman,58,1800,0,0,1800,1800,0,5400,0,5400,5400
2418079101,woman,64,960,0,0,960,960,0,5040,0,5040,5040
2418079401,woman,58,20,75,0,20,20,0,60,225,60,285
2418079501,woman,31,0,140,0,0,0,0,0,420,0,420
2418079701,man,55,70,80,0,70,70,0,210,240,210,450
2418079802,man,42,2520,2520,1080,3600,4680,3240,7560,7560,10800,18360
2418080501,man,63,0,30,0,0,0,0,0,90,0,90
2418080502,woman,64,30,60,40,70,110,120,90,180,210,390
2418080601,man,52,0,0,0,0,0,0,0,0,0,0
2418080701,man,53,720,0,0,720,720,0,2160,0,2160,2160
2418080801,man,54,0,0,0,0,0,0,0,0,0,0
2418080901,man,72,20,30,0,20,20,0,60,90,60,150
2418080902,woman,69,40,40,0,40,40,0,120,120,120,240
2418081101,man,53,1980,180,0,1980,1980,0,11340,540,11340,11880
2418081201,woman,50,0,80,0,0,0,0,0,240,0,240
2418081301,woman,36,5040,0,0,5040,5040,0,15120,0,15120,15120
2418081401,man,73,75,30,0,75,75,0,225,90,225,315
2418081501,woman,75,0,0,0,0,0,0,0,0,0,0
2418081702,woman,60,0,0,0,0,0,0,0,0,0,0
2418081801,woman,82,40,40,0,40,40,0,120,120,120,240
2418081901,man,52,0,300,0,0,0,0,0,900,0,900
2418082001,woman,73,120,20,0,120,120,0,360,60,360,420
2418082101,man,59,1680,80,0,1680,1680,0,5040,240,5040,5280
2418082102,woman,57,360,140,0,360,360,0,1080,420,1080,1500
2418082201,man,53,90,120,60,150,210,180,270,360,450,810
2418082202,woman,50,900,1080,0,900,900,0,2700,3240,2700,5940
2418082301,woman,72,3360,0,0,3360,3360,0,10080,0,10080,10080
2418082401,woman,65,360,100,0,360,360,0,1080,300,1080,1380
2418082501,woman,52,210,30,0,210,210,0,630,90,630,720
2418082601,man,50,0,105,0,0,0,0,0,315,0,315
2418082701,woman,57,1050,210,0,1050,1050,0,3150,630,3150,3780
2418082801,man,65,90,120,0,90,90,0,270,360,270,630
2418082901,man,53,0,150,0,0,0,0,0,450,0,450
2418082902,woman,55,0,1440,0,0,0,0,0,4320,0,4320
2418083001,woman,72,120,0,0,120,120,0,360,0,360,360
2418083101,man,59,1200,375,0,1200,1200,0,6300,1125,6300,7425
2418083201,man,52,0,80,0,0,0,0,0,240,0,240
2418083301,man,53,0,420,0,0,0,0,0,1260,0,1260
2418083401,woman,67,0,280,0,0,0,0,0,840,0,840
2418083501,woman,57,0,0,0,0,0,0,0,0,0,0
2418083603,woman,77,0,0,0,0,0,0,0,0,0,0
2418083701,woman,66,1260,210,0,1260,1260,0,3780,630,3780,4410
2418083801,man,82,60,420,420,480,900,1260,180,1260,1440,2700
2418083901,man,31,0,630,0,0,0,0,0,1890,0,1890
2418084101,man,54,0,80,0,0,0,0,0,240,0,240
2418084201,woman,58,120,840,0,120,120,0,360,2520,360,2880
2418084301,man,78,0,80,0,0,0,0,0,240,0,240
2418084401,man,79,0,0,0,0,0,0,0,0,0,0
2418084501,man,67,60,0,0,60,60,0,180,0,180,180
2418084601,woman,50,120,0,0,120,120,0,360,0,360,360
2418084702,woman,41,0,0,0,0,0,0,0,0,0,0
2418084801,man,51,654,0,1560,2214,3774,8040,3204,0,11244,11244
2418084901,man,78,0,0,0,0,0,0,0,0,0,0
2418085003,woman,62,900,300,0,900,900,0,2700,900,2700,3600
2418085201,woman,86,1080,1800,0,1080,1080,0,3240,5400,3240,8640
2418085301,woman,51,1260,210,0,1260,1260,0,3780,630,3780,4410
2418085401,woman,54,90,600,0,90,90,0,270,1800,270,2070
2418085501,woman,50,840,0,0,840,840,0,2520,0,2520,2520
2418085602,woman,84,0,0,0,0,0,0,0,0,0,0
2418085701,man,55,0,630,0,0,0,0,0,1890,0,1890
2418085801,woman,70,0,50,90,90,180,270,0,150,270,420
2418085901,man,89,120,240,0,120,120,0,360,720,360,1080
2418085902,woman,70,0,0,0,0,0,0,0,0,0,0
2418086001,man,58,0,90,0,0,0,0,0,270,0,270
2418086101,man,51,0,300,180,180,360,540,0,900,540,1440
2418086201,woman,54,1260,180,0,1260,1260,0,3780,540,3780,4320
2418086301,man,57,0,210,0,0,0,0,0,630,0,630
2418086401,man,71,0,210,0,0,0,0,0,630,0,630
2418086604,woman,68,0,60,0,0,0,0,0,180,0,180
2418086701,man,65,120,1260,0,120,120,0,360,3780,360,4140
2418091401,man,68,900,90,0,900,900,0,2700,270,2700,2970
2418091501,man,62,1320,420,840,2160,3000,2520,5400,1260,7920,9180
2418091701,woman,70,150,0,150,300,450,450,450,0,900,900
2418091801,woman,87,0,0,0,0,0,0,0,0,0,0
2418091901,woman,53,3240,2880,3240,6480,9720,9720,9720,8640,19440,28080
2418092001,man,56,0,0,0,0,0,0,0,0,0,0
2418092101,man,62,3240,0,0,3240,3240,0,9720,0,9720,9720
2418092201,man,56,0,0,0,0,0,0,0,0,0,0
2418092301,man,58,0,70,0,0,0,0,0,210,0,210
2418092401,woman,74,0,0,0,0,0,0,0,0,0,0
2418092501,woman,56,1440,1440,0,1440,1440,0,4320,4320,4320,8640
2418092601,man,80,0,735,0,0,0,0,0,2205,0,2205
2418092602,woman,71,0,420,0,0,0,0,0,1260,0,1260
2418092701,woman,54,0,0,0,0,0,0,0,0,0,0
2418092702,woman,67,0,560,0,0,0,0,0,1680,0,1680
2418092901,man,51,3000,1260,360,3360,3720,1080,9000,3780,10080,13860
2418093001,man,59,0,120,0,0,0,0,0,360,0,360
2418093002,woman,58,0,120,0,0,0,0,0,360,0,360
2418093101,man,75,0,420,0,0,0,0,0,1260,0,1260
2418093102,woman,61,0,280,0,0,0,0,0,840,0,840
2418093201,woman,84,0,0,0,0,0,0,0,0,0,0
2418093301,woman,80,0,20,0,0,0,0,0,60,0,60
2418093401,woman,58,1200,40,0,1200,1200,0,4680,120,4680,4800
2418093501,man,56,1440,280,420,1860,2280,1260,4320,840,5580,6420
2418093601,man,67,0,175,0,0,0,0,0,525,0,525
2418093701,woman,83,0,0,0,0,0,0,0,0,0,0
2418093902,woman,34,0,0,0,0,0,0,0,0,0,0
2418094001,woman,51,300,280,0,300,300,0,1800,840,1800,2640
2418094101,woman,53,105,180,60,165,225,180,450,540,630,1170
2418094201,woman,63,1380,245,0,1380,1380,0,7380,735,7380,8115
2418094302,woman,42,3840,480,0,3840,3840,0,17280,1440,17280,18720
2418094401,man,66,240,210,30,270,300,210,1440,630,1650,2280
2418094501,woman,56,0,0,1260,1260,2520,3780,0,0,3780,3780
2418094704,man,65,0,0,600,600,1200,1800,0,0,1800,1800
2418094801,man,39,840,60,0,840,840,0,4680,180,4680,4860
2418094901,woman,55,0,240,180,180,360,540,0,720,540,1260
2418095001,man,38,5400,60,0,5400,5400,0,29160,180,29160,29340
2418095103,woman,72,0,0,0,0,0,0,0,0,0,0
2418095201,man,53,5280,315,0,5280,5280,0,26640,945,26640,27585
2418095301,man,74,840,0,0,840,840,0,2520,0,2520,2520
2418095401,woman,77,175,135,140,315,455,420,525,405,945,1350
2418095501,woman,60,90,0,120,210,330,360,270,0,630,630
2418095601,woman,83,0,210,0,0,0,0,0,630,0,630
2418095701,woman,58,0,90,0,0,0,0,0,270,0,270
2418095801,man,48,0,0,120,120,240,360,0,0,360,360
2418095901,woman,66,720,0,0,720,720,0,2160,0,2160,2160
2418096001,woman,73,180,360,270,450,720,810,540,1080,1350,2430
2418096101,woman,54,60,0,0,60,60,0,180,0,180,180
2418096201,man,64,0,60,0,0,0,0,0,180,0,180
2418096301,man,80,225,180,300,525,825,900,675,540,1575,2115
2418096401,man,56,245,600,0,245,245,0,735,1800,735,2535
2418096501,woman,82,0,0,0,0,0,0,0,0,0,0
2418096601,woman,75,0,210,0,0,0,0,0,630,0,630
2418096701,woman,72,0,450,0,0,0,0,0,1350,0,1350
2418096801,man,75,0,60,0,0,0,0,0,180,0,180
2418096802,woman,65,0,270,45,45,90,135,0,810,135,945
2418096901,man,58,0,90,0,0,0,0,0,270,0,270
2418096902,woman,50,0,150,280,280,560,1400,0,450,1400,1850
2418097001,woman,77,0,50,0,0,0,0,0,150,0,150
2418097003,woman,52,870,3360,0,870,870,0,3960,10080,3960,14040
2418097101,woman,59,0,80,60,60,120,180,0,240,180,420
2418097201,woman,69,300,90,0,300,300,0,900,270,900,1170
2418097301,woman,76,480,90,270,750,1020,810,1440,270,2250,2520
2418097401,man,69,0,90,0,0,0,0,0,270,0,270
2418097501,woman,64,300,20,0,300,300,0,900,60,900,960
2418097601,man,67,960,120,0,960,960,0,5040,360,5040,5400
2418097801,man,50,0,720,360,360,720,1080,0,2160,1080,3240
2418097901,man,60,720,60,0,720,720,0,3240,180,3240,3420
2418098001,man,57,2940,360,0,2940,2940,0,8820,1080,8820,9900
2418098101,man,53,0,210,0,0,0,0,0,630,0,630
2418098201,woman,56,1200,360,30,1230,1260,90,5040,1080,5130,6210
2418098301,man,54,0,840,0,0,0,0,0,2520,0,2520
2418098402,woman,38,0,240,0,0,0,0,0,720,0,720
2418098501,man,62,1200,240,0,1200,1200,0,3600,720,3600,4320
2418098502,woman,63,0,480,0,0,0,0,0,1440,0,1440
2418098601,woman,68,0,0,0,0,0,0,0,0,0,0
2418098702,woman,46,2880,180,0,2880,2880,0,15120,540,15120,15660
2418098801,man,56,1440,300,60,1500,1560,420,6480,900,6900,7800
2418098901,woman,63,40,315,60,100,160,420,120,945,540,1485
2418099001,man,67,720,300,0,720,720,0,4320,900,4320,5220
2418099106,woman,60,10,40,0,10,10,0,30,120,30,150
2418099201,woman,52,3360,270,150,3510,3660,450,14400,810,14850,15660
2418099301,woman,69,180,20,0,180,180,0,540,60,540,600
2418099501,man,78,0,0,0,0,0,0,0,0,0,0
2418099601,woman,67,0,0,0,0,0,0,0,0,0,0
2418099701,woman,50,3240,0,0,3240,3240,0,9720,0,9720,9720
2418099801,man,70,2400,840,0,2400,2400,0,11700,2520,11700,14220
2418099901,man,68,0,0,0,0,0,0,0,0,0,0
2418100101,man,65,240,0,0,240,240,0,720,0,720,720
2418100201,woman,65,0,45,0,0,0,0,0,135,0,135
2418100401,man,59,360,80,80,440,520,240,1080,240,1320,1560
2418100501,woman,63,0,0,0,0,0,0,0,0,0,0
2418100601,woman,61,720,140,0,720,720,0,2160,420,2160,2580
2418100701,woman,61,30,70,0,30,30,0,90,210,90,300
2418100801,man,56,600,300,0,600,600,0,1800,900,1800,2700
2418100901,woman,51,0,20,0,0,0,0,0,60,0,60
2418101001,woman,58,0,0,0,0,0,0,0,0,0,0
2418101101,woman,73,0,0,0,0,0,0,0,0,0,0
2418101201,man,75,45,0,0,45,45,0,135,0,135,135
2418101301,woman,62,0,0,0,0,0,0,0,0,0,0
2418101302,man,67,0,210,0,0,0,0,0,630,0,630
2418101401,man,62,60,50,30,90,120,90,180,150,270,420
2418101601,man,62,0,120,0,0,0,0,0,360,0,360
2418101602,woman,50,1200,180,150,1350,1500,450,3600,540,4050,4590
2418101701,woman,58,480,60,90,570,660,270,1440,180,1710,1890
2418101801,woman,67,120,30,30,150,180,90,360,90,450,540
2418101901,man,69,0,0,0,0,0,0,0,0,0,0
2418102001,man,73,10,0,0,10,10,0,30,0,30,30
2418102101,woman,65,0,0,0,0,0,0,0,0,0,0
2418102301,woman,70,30,20,0,30,30,0,90,60,90,150
2418102401,woman,63,0,0,0,0,0,0,0,0,0,0
2418102503,woman,70,0,0,0,0,0,0,0,0,0,0
2418102601,man,65,0,60,0,0,0,0,0,180,0,180
2418102701,woman,61,0,0,0,0,0,0,0,0,0,0
2418102702,woman,61,70,15,0,70,70,0,210,45,210,255
2418102801,woman,58,0,0,0,0,0,0,0,0,0,0
2418102903,woman,32,0,420,180,180,360,540,0,1260,540,1800
2418103001,man,66,0,300,360,360,720,2160,0,900,2160,3060
2418103202,woman,50,840,420,0,840,840,0,2520,1260,2520,3780
2418103301,man,56,90,210,60,150,210,180,270,630,450,1080
2418103401,man,61,45,300,120,165,285,360,135,900,495,1395
2418103501,man,55,2160,150,0,2160,2160,0,11340,450,11340,11790
2418103701,man,63,1500,210,0,1500,1500,0,4500,630,4500,5130
2418103801,man,73,0,120,0,0,0,0,0,360,0,360
2418104001,woman,56,2000,1680,0,2000,2000,0,7680,5040,7680,12720
2418104101,man,52,0,200,0,0,0,0,0,600,0,600
2418104201,woman,71,180,0,0,180,180,0,540,0,540,540
2418104301,man,72,360,0,0,360,360,0,1080,0,1080,1080
2418104401,man,58,3600,3600,1800,5400,7200,5400,10800,10800,16200,27000
2418104501,man,52,720,0,0,720,720,0,4320,0,4320,4320
2418104502,woman,50,2430,1200,0,2430,2430,0,7290,3600,7290,10890
2418104601,woman,55,375,210,600,975,1575,3000,2025,630,5025,5655
2418104701,woman,50,4800,3360,1800,6600,8400,5400,25200,10080,30600,40680
2418104801,man,58,0,240,0,0,0,0,0,720,0,720
2418104901,woman,48,360,315,0,360,360,0,1080,945,1080,2025
2418105501,woman,77,0,0,0,0,0,0,0,0,0,0
2418105701,woman,51,360,210,0,360,360,0,1080,630,1080,1710
2418105801,man,52,3600,140,0,3600,3600,0,21600,420,21600,22020
2418105901,man,60,540,120,480,1020,1500,3120,2880,360,6000,6360
2418106001,man,70,90,80,80,170,250,240,270,240,510,750
2418106101,man,78,0,50,0,0,0,0,0,150,0,150
2418106102,woman,75,0,0,0,0,0,0,0,0,0,0
2418106401,woman,73,0,0,0,0,0,0,0,0,0,0
2418106501,woman,67,0,0,0,0,0,0,0,0,0,0
2418106601,woman,75,0,20,360,360,720,1800,0,60,1800,1860
2418106701,man,44,2160,300,150,2310,2460,450,8640,900,9090,9990
2418107101,man,70,0,90,0,0,0,0,0,270,0,270
2418107201,man,65,3000,0,0,3000,3000,0,9000,0,9000,9000
2418107301,man,59,3600,125,0,3600,3600,0,10800,375,10800,11175
2418107401,man,53,0,0,0,0,0,0,0,0,0,0
2418107501,man,60,0,60,0,0,0,0,0,180,0,180
2418107601,woman,70,120,0,0,120,120,0,360,0,360,360
2418107801,man,76,0,0,0,0,0,0,0,0,0,0
2418107901,woman,31,0,210,0,0,0,0,0,630,0,630
2418108201,woman,33,240,120,240,480,720,1200,1080,360,2280,2640
2418108401,man,75,0,0,0,0,0,0,0,0,0,0
2418108701,woman,71,50,50,50,100,150,150,150,150,300,450
2418111701,man,68,0,80,0,0,0,0,0,240,0,240
2418111801,man,72,0,175,20,20,40,60,0,525,60,585
2418111902,woman,57,0,0,0,0,0,0,0,0,0,0
2418112001,woman,73,0,0,240,240,480,720,0,0,720,720
2418112101,woman,62,4200,0,0,4200,4200,0,12600,0,12600,12600
2418112201,woman,45,720,0,0,720,720,0,2160,0,2160,2160
2418112302,man,32,540,0,0,540,540,0,1620,0,1620,1620
2418112401,man,71,0,0,0,0,0,0,0,0,0,0
2418112501,woman,54,840,120,0,840,840,0,2520,360,2520,2880
2418112601,woman,63,0,0,0,0,0,0,0,0,0,0
2418112701,man,68,0,40,0,0,0,0,0,120,0,120
2418112801,man,66,0,0,0,0,0,0,0,0,0,0
2418112901,man,29,0,91,0,0,0,0,0,273,0,273
2418113001,woman,85,0,0,0,0,0,0,0,0,0,0
2418114601,woman,69,0,210,210,210,420,630,0,630,630,1260
2418114701,man,50,0,480,0,0,0,0,0,1440,0,1440
2418114801,man,50,0,40,0,0,0,0,0,120,0,120
2418115001,woman,53,0,210,0,0,0,0,0,630,0,630
2418115101,woman,57,0,150,0,0,0,0,0,450,0,450
2418115201,man,58,600,420,0,600,600,0,3060,1260,3060,4320
2418115301,man,58,3240,80,0,3240,3240,0,9720,240,9720,9960
2418115401,man,54,0,0,0,0,0,0,0,0,0,0
2418115501,man,53,1440,840,480,1920,2400,3360,8640,2520,12000,14520
2418115701,woman,77,0,30,0,0,0,0,0,90,0,90
2418115801,man,50,1500,840,420,1920,2340,2700,4500,2520,7200,9720
2418115901,woman,62,360,140,240,600,840,720,1080,420,1800,2220
2418116001,man,53,480,150,600,1080,1680,1800,1440,450,3240,3690
2418116101,woman,62,40,70,120,160,280,360,120,210,480,690
2418116501,man,74,80,0,30,110,140,210,240,0,450,450
2418116601,woman,61,0,60,360,360,720,1080,0,180,1080,1260
2418116802,woman,68,0,180,0,0,0,0,0,540,0,540
2418116901,woman,74,0,20,0,0,0,0,0,60,0,60
2418332302,woman,52,0,75,0,0,0,0,0,225,0,225
2418334101,man,67,0,30,0,0,0,0,0,90,0,90
2418334201,woman,70,1200,120,0,1200,1200,0,3600,360,3600,3960
2418334301,man,50,1440,840,900,2340,3240,6300,8640,2520,14940,17460
2418334401,man,73,0,0,0,0,0,0,0,0,0,0
2418334501,man,53,0,0,0,0,0,0,0,0,0,0
2418334601,woman,78,0,70,0,0,0,0,0,210,0,210
2418334701,man,50,3240,180,0,3240,3240,0,9720,540,9720,10260
2418334801,man,87,0,420,0,0,0,0,0,1260,0,1260
2418334901,woman,60,0,270,0,0,0,0,0,810,0,810
2418335001,man,55,0,0,0,0,0,0,0,0,0,0
2418335101,woman,78,0,70,0,0,0,0,0,210,0,210
2418335201,woman,52,0,315,0,0,0,0,0,945,0,945
2418335301,woman,65,0,0,60,60,120,180,0,0,180,180
2418335401,man,52,1080,720,210,1290,1500,1470,5760,2160,7230,9390
2418335501,man,55,0,150,0,0,0,0,0,450,0,450
2418335601,man,57,315,210,0,315,315,0,1890,630,1890,2520
2418337101,man,43,0,0,0,0,0,0,0,0,0,0
2418337301,woman,29,60,40,0,60,60,0,180,120,180,300
2418337401,woman,78,0,0,0,0,0,0,0,0,0,0
2418337501,woman,56,0,0,0,0,0,0,0,0,0,0
2418337601,man,82,0,0,0,0,0,0,0,0,0,0
2418337701,woman,41,0,60,0,0,0,0,0,180,0,180
2418337802,woman,62,0,120,0,0,0,0,0,360,0,360
2418337901,woman,84,300,0,0,300,300,0,900,0,900,900
2418338001,woman,40,2880,140,0,2880,2880,0,8640,420,8640,9060
2418338101,woman,63,60,60,0,60,60,0,180,180,180,360
2418338201,woman,69,0,0,0,0,0,0,0,0,0,0
2418338301,woman,65,600,0,0,600,600,0,1800,0,1800,1800
2418338401,woman,48,480,0,0,480,480,0,1440,0,1440,1440
2418338501,man,79,0,0,0,0,0,0,0,0,0,0
2418338601,man,73,0,0,0,0,0,0,0,0,0,0
2418338602,woman,54,0,40,0,0,0,0,0,120,0,120
2418338701,man,79,70,90,90,160,250,270,210,270,480,750
2418338702,woman,54,1680,360,720,2400,3120,2160,6480,1080,8640,9720
2418338801,woman,68,0,0,0,0,0,0,0,0,0,0
2418338901,woman,51,1800,0,0,1800,1800,0,8100,0,8100,8100
2418339001,woman,66,0,720,0,0,0,0,0,2160,0,2160
2418339101,man,60,0,315,540,540,1080,2100,0,945,2100,3045
2418339201,woman,34,0,840,0,0,0,0,0,2520,0,2520
2418339301,man,40,0,30,0,0,0,0,0,90,0,90
2418339402,woman,40,840,40,0,840,840,0,2520,120,2520,2640
2418339501,woman,60,0,45,60,60,120,180,0,135,180,315
2418339601,woman,31,360,150,540,900,1440,1620,1080,450,2700,3150
2418339701,woman,40,180,360,180,360,540,540,540,1080,1080,2160
2418339801,woman,36,0,120,0,0,0,0,0,360,0,360
2418339901,man,55,4680,120,0,4680,4680,0,28080,360,28080,28440
2418340102,woman,50,120,0,0,120,120,0,360,0,360,360
2418340201,man,27,240,240,240,480,720,720,720,720,1440,2160
2418340401,man,51,0,750,0,0,0,0,0,2250,0,2250
2418340501,man,33,45,0,0,45,45,0,135,0,135,135
2418340601,woman,35,0,90,0,0,0,0,0,270,0,270
2418340701,woman,41,1260,0,360,1620,1980,1080,3780,0,4860,4860
2418340801,man,70,2340,0,0,2340,2340,0,13500,0,13500,13500
2418340901,woman,64,0,0,0,0,0,0,0,0,0,0
2418341001,man,65,3000,300,0,3000,3000,0,9000,900,9000,9900
2418341101,man,59,135,0,0,135,135,0,675,0,675,675
2418341102,woman,56,0,30,0,0,0,0,0,90,0,90
2418341201,man,57,120,90,90,210,300,270,720,270,990,1260
2418341401,woman,42,420,0,0,420,420,0,1260,0,1260,1260
2418341601,woman,27,0,30,0,0,0,0,0,90,0,90
2418341701,woman,60,360,70,0,360,360,0,1080,210,1080,1290
2418341801,man,28,0,245,60,60,120,420,0,735,420,1155
2418341901,man,28,120,40,240,360,600,1680,540,120,2220,2340
2418342003,man,23,3240,3360,120,3360,3480,600,16200,10080,16800,26880
2418342103,woman,28,1620,140,0,1620,1620,0,4860,420,4860,5280
2418342201,woman,58,0,0,0,0,0,0,0,0,0,0
2418342601,man,57,75,100,100,175,275,300,225,300,525,825
2418342702,woman,28,0,105,140,140,280,980,0,315,980,1295
2418342801,woman,50,0,0,0,0,0,0,0,0,0,0
2418342901,woman,72,0,30,0,0,0,0,0,90,0,90
2418343002,man,52,0,40,0,0,0,0,0,120,0,120
2418343101,woman,32,150,0,0,150,150,0,450,0,450,450
2418343201,woman,65,0,0,0,0,0,0,0,0,0,0
2418343301,woman,34,720,0,0,720,720,0,2160,0,2160,2160
2418343401,woman,79,0,0,0,0,0,0,0,0,0,0
2418343501,woman,65,0,0,0,0,0,0,0,0,0,0
2418343601,woman,54,0,0,0,0,0,0,0,0,0,0
2418343701,woman,58,50,75,0,50,50,0,150,225,150,375
2418343801,man,62,0,140,0,0,0,0,0,420,0,420
2418343901,woman,76,0,0,0,0,0,0,0,0,0,0
2418344001,man,43,0,60,0,0,0,0,0,180,0,180
2418344101,woman,58,0,60,0,0,0,0,0,180,0,180
2418344201,man,61,360,60,60,420,480,300,1080,180,1380,1560
2418344302,woman,28,1440,0,0,1440,1440,0,4320,0,4320,4320
2418344401,man,60,0,0,0,0,0,0,0,0,0,0
2418344501,woman,56,0,0,0,0,0,0,0,0,0,0
2418344601,woman,54,0,30,0,0,0,0,0,90,0,90
2418344701,woman,53,660,90,0,660,660,0,2880,270,2880,3150
2418344802,woman,52,0,75,0,0,0,0,0,225,0,225
2418344902,woman,28,0,105,140,140,280,980,0,315,980,1295
2418345001,man,57,75,100,100,175,275,300,225,300,525,825
2418345101,man,87,0,0,0,0,0,0,0,0,0,0
2418345201,man,70,0,0,0,0,0,0,0,0,0,0
2418345301,man,60,0,0,0,0,0,0,0,0,0,0
2418345701,woman,56,0,0,0,0,0,0,0,0,0,0
2418345901,woman,58,0,120,0,0,0,0,0,360,0,360
2418346001,man,53,0,0,0,0,0,0,0,0,0,0
2418347501,man,56,0,105,0,0,0,0,0,315,0,315
2418347801,man,62,600,0,90,690,780,270,1800,0,2070,2070
2418347802,woman,57,0,180,180,180,360,540,0,540,540,1080
2418347901,man,65,0,45,30,30,60,210,0,135,210,345
2418348101,woman,68,30,30,0,30,30,0,90,90,90,180
2418348201,woman,77,0,0,0,0,0,0,0,0,0,0
2418348301,woman,70,0,20,0,0,0,0,0,60,0,60
2418348401,woman,69,0,0,0,0,0,0,0,0,0,0
2418348501,man,63,0,0,0,0,0,0,0,0,0,0
2418348601,woman,32,720,0,0,720,720,0,2160,0,2160,2160
2418348701,woman,49,0,735,0,0,0,0,0,2205,0,2205
2418350001,man,38,0,140,600,600,1200,3240,0,420,3240,3660
2418358401,woman,75,0,0,0,0,0,0,0,0,0,0
2418358502,woman,69,0,180,0,0,0,0,0,540,0,540
2418358602,woman,37,0,420,0,0,0,0,0,1260,0,1260
2418358701,man,52,0,0,0,0,0,0,0,0,0,0
2418358801,man,53,0,0,0,0,0,0,0,0,0,0
2418358901,woman,75,0,0,0,0,0,0,0,0,0,0
2418359001,man,52,0,0,0,0,0,0,0,0,0,0
2418359102,woman,37,0,420,0,0,0,0,0,1260,0,1260
2418360001,man,71,0,30,0,0,0,0,0,90,0,90
2418360101,man,38,0,140,600,600,1200,3240,0,420,3240,3660
2418360201,man,63,0,210,20,20,40,60,0,630,60,690
2418360301,man,80,0,135,100,100,200,300,0,405,300,705
2418360302,woman,37,0,1680,0,0,0,0,0,5040,0,5040
2418360501,woman,33,0,150,0,0,0,0,0,450,0,450
2418360601,woman,30,1680,0,0,1680,1680,0,5040,0,5040,5040
2418360701,man,66,0,0,0,0,0,0,0,0,0,0
2418631301,woman,70,0,20,0,0,0,0,0,60,0,60
2419993501,man,58,0,280,0,0,0,0,0,840,0,840
